00000000000001000000000110000000000000100000000000
00000100001001010000000110000000000001100000000001
00001000010001100000000110000000000010100000000010
00001100011001110000000110000000000011100000000011
00010000000001000000000110000000000100100000000100
00010100001001010000000110000000000101100000000101
00011000010001100000000110000000000110100000000110
10011100011001110000000110000000000111100000000111
10100000000001000000000110000000001000100000001000
10100100001001010000000110000000001001100000001001
10101000010001100000000110000000001010100000001010
10101100011001110000000110000000001011100000001011
10110000000001000000000110000000001100100000001100
10110100001001010000000110000000001101100000001101
10111000010001100000000110000000001110100000001110
11111100011001110000000110000000001111100000001111